0 0.325 0.2265625 0.096875 0.06875
0 0.23828125 0.2671875 0.04140625 0.05
0 0.346875 0.0328125 0.0875 0.065625
0 0.0265625 0.15 0.053125 0.05625
0 0.2109375 0.046875 0.115625 0.09375
0 0.2859375 0.05625 0.034375 0.02265625
0 0.0875 0.07265625 0.125 0.1046875
0 0.7609375 0.14921875 0.34375 0.2984375
0 0.49296875 0.8234375 0.1890625 0.21875
0 0.2671875 0.89765625 0.2625 0.2015625
0 0.071875 0.94765625 0.14375 0.1015625
0 0.79375 0.72109375 0.409375 0.2546875
0 0.62734375 0.91484375 0.0765625 0.1671875