0 0.309375 0.41953125 0.08203125 0.0484375
0 0.2140625 0.53515625 0.040625 0.0265625
0 0.24609375 0.49296875 0.0515625 0.053125
0 0.4484375 0.428125 0.01875 0.04375
0 0.325 0.5203125 0.01875 0.02734375
0 0.63203125 0.53515625 0.0640625 0.0265625
0 0.85078125 0.37265625 0.2953125 0.1578125
0 0.6484375 0.415625 0.096875 0.0921875
0 0.09765625 0.90390625 0.1953125 0.1890625
0 0.56640625 0.82109375 0.1421875 0.19375
0 0.67734375 0.8125 0.0828125 0.153125
0 0.47890625 0.85 0.0234375 0.03125
0 0.721875 0.90078125 0.08359375 0.053125
0 0.73984375 0.78203125 0.0296875 0.0609375
0 0.9734375 0.75 0.05 0.075
0 0.7765625 0.73671875 0.02265625 0.0234375