0 0.14765625 0.21640625 0.1421875 0.19375
0 0.2421875 0.20859375 0.05 0.1546875
0 0.06015625 0.2453125 0.0234375 0.03125
0 0.025 0.38515625 0.05 0.0515625
0 0.0109375 0.3015625 0.021875 0.015625
0 0.746875 0.59921875 0.075 0.0359375
0 0.903125 0.053125 0.08125 0.0984375
0 0.8140625 0.1171875 0.0890625 0.13125
0 0.73359375 0.2359375 0.17578125 0.0921875
0 0.94375 0.49453125 0.05625 0.0515625
0 0.60234375 0.16328125 0.0875 0.0796875
0 0.58984375 0.2359375 0.1125 0.0671875
0 0.13359375 0.675 0.2671875 0.1125
0 0.5734375 0.94609375 0.334375 0.1046875