0 0.16875 0.2046875 0.259375 0.18125
0 0.14921875 0.33125 0.2984375 0.18125
0 0.02109375 0.48203125 0.0421875 0.0109375
0 0.87578125 0.1328125 0.2453125 0.259375
0 0.83359375 0.3359375 0.1953125 0.13515625
0 0.52265625 0.1703125 0.4453125 0.334375
0 0.98046875 0.31484375 0.0359375 0.0640625
0 0.4109375 0.3796875 0.1375 0.075
0 0.22109375 0.93828125 0.1546875 0.1015625
0 0.13515625 0.86875 0.2703125 0.25
0 0.84453125 0.80234375 0.1015625 0.09140625
0 0.73359375 0.84609375 0.1171875 0.0859375
0 0.4875 0.8984375 0.375 0.2