0 0.32109375 0.1015625 0.0609375 0.046875
0 0.29765625 0.16015625 0.05625 0.0546875
0 0.38046875 0.09453125 0.0546875 0.07109375
0 0.4890625 0.0890625 0.01875 0.075
0 0.2984375 0.05625 0.040625 0.0328125
0 0.1 0.15546875 0.02265625 0.0203125
0 0.1375 0.0109375 0.025 0.021875
0 0.13828125 0.15625 0.0234375 0.0234375
0 0.16796875 0.04609375 0.0390625 0.0265625
0 0.1890625 0.178125 0.02734375 0.0140625
0 0.35625 0.1421875 0.01875 0.01875
0 0.37578125 0.04375 0.021875 0.021875
0 0.74375 0.31171875 0.4875 0.1921875
0 0.4125 0.528125 0.171875 0.084375
0 0.30078125 0.5 0.1109375 0.134375
0 0.16171875 0.47421875 0.1890625 0.046875
0 0.021875 0.4859375 0.04375 0.109375
0 0.1265625 0.59375 0.253125 0.1625
0 0.58125 0.9671875 0.053125 0.0625
0 0.85859375 0.89296875 0.0859375 0.04921875
0 0.68828125 0.98046875 0.06484375 0.02109375
0 0.96953125 0.89921875 0.03125 0.034375
0 0.91484375 0.81484375 0.021875 0.03671875
0 0.7296875 0.79296875 0.02421875 0.0328125