0 0.203125 0.26875 0.059375 0.078125
0 0.05078125 0.0390625 0.028125 0.021875
0 0.31328125 0.0828125 0.0234375 0.0375
0 0.8640625 0.22265625 0.26875 0.1703125
0 0.61953125 0.28515625 0.1609375 0.0453125
0 0.784375 0.09375 0.0703125 0.046875
0 0.66796875 0.18828125 0.1234375 0.0578125
0 0.3921875 0.65078125 0.1859375 0.1109375
0 0.51328125 0.60078125 0.0484375 0.0890625
0 0.52265625 0.38359375 0.0296875 0.0703125
0 0.0375 0.81484375 0.05078125 0.0546875
0 0.12109375 0.7375 0.06484375 0.040625
0 0.6578125 0.83046875 0.14296875 0.0625
0 0.80703125 0.8890625 0.13671875 0.109375
0 0.93046875 0.91953125 0.1328125 0.06796875
0 0.6328125 0.9390625 0.10625 0.11328125
0 0.7578125 0.984375 0.090625 0.028125
0 0.8890625 0.978125 0.0875 0.040625
0 0.55546875 0.8453125 0.0328125 0.128125