0 0.6 0.59453125 0.0625 0.0265625
0 0.04453125 0.31484375 0.0890625 0.2109375
0 0.10625 0.240625 0.2125 0.128125
0 0.30390625 0.30703125 0.1671875 0.1359375
0 0.14296875 0.378125 0.18515625 0.1546875
0 0.66796875 0.38515625 0.1390625 0.0796875
0 0.59765625 0.46328125 0.0875 0.10859375
0 0.634375 0.28828125 0.046875 0.028125
0 0.5015625 0.3671875 0.2125 0.2109375
0 0.3265625 0.4328125 0.16875 0.1015625
0 0.86875 0.43515625 0.259375 0.2640625
0 0.14609375 0.85859375 0.0625 0.0484375
0 0.3984375 0.68671875 0.3625 0.1546875
0 0.48359375 0.90546875 0.02109375 0.028125
0 0.1625 0.728125 0.096875 0.0921875