0 0.09296875 0.3640625 0.1359375 0.125
0 0.28359375 0.37578125 0.1421875 0.19375
0 0.39453125 0.3671875 0.0828125 0.153125
0 0.04296875 0.4796875 0.03125 0.03515625
0 0.10703125 0.48125 0.0296875 0.028125
0 0.19609375 0.4046875 0.0234375 0.03125
0 0.4390625 0.45546875 0.08359375 0.053125
0 0.45703125 0.33671875 0.0296875 0.0609375
0 0.134375 0.54375 0.1015625 0.05
0 0.49375 0.29140625 0.02265625 0.0234375
0 0.14296875 0.4609375 0.0265625 0.0140625
0 0.296875 0.87734375 0.2703125 0.0890625
0 0.4171875 0.9515625 0.240625 0.09375