0 0.07109375 0.528125 0.09921875 0.11875
0 0.115625 0.171875 0.06328125 0.06015625
0 0.178125 0.5296875 0.11875 0.18125
0 0.72890625 0.34921875 0.1359375 0.12578125
0 0.821875 0.36640625 0.046875 0.09921875
0 0.6984375 0.453125 0.1171875 0.05
0 0.8125 0.44375 0.10703125 0.0640625
0 0.7875 0.5015625 0.09609375 0.078125
0 0.37265625 0.5640625 0.1453125 0.128125
0 0.55390625 0.43125 0.10078125 0.1015625
0 0.67890625 0.58203125 0.4765625 0.0921875
0 0.64453125 0.5171875 0.14921875 0.034375
0 0.671875 0.8171875 0.4609375 0.30234375
0 0.8625 0.6734375 0.271875 0.0875
0 0.371875 0.85234375 0.14375 0.2703125