0 0.4109375 0.33203125 0.025 0.0109375
0 0.54140625 0.03515625 0.1234375 0.0703125
0 0.725 0.0578125 0.14375 0.115625
0 0.8359375 0.04375 0.084375 0.0875
0 0.48984375 0.121875 0.0203125 0.0375
0 0.54765625 0.1234375 0.0296875 0.028125
0 0.63671875 0.046875 0.0234375 0.03125
0 0.8796875 0.09765625 0.08359375 0.053125
0 0.575 0.1859375 0.1015625 0.05
0 0.58359375 0.103125 0.0265625 0.0140625
0 0.28828125 0.9234375 0.3640625 0.15
0 0.365625 0.7203125 0.1234375 0.0984375
0 0.446875 0.8515625 0.0625 0.171875
0 0.2390625 0.82421875 0.478125 0.3484375
0 0.91328125 0.7796875 0.1703125 0.246875
0 0.71328125 0.87734375 0.2453125 0.2421875
0 0.5453125 0.94609375 0.13125 0.1046875
0 0.934375 0.9421875 0.128125 0.1125