0 0.465625 0.30625 0.06171875 0.1234375
0 0.41015625 0.5296875 0.2140625 0.0375
0 0.3125 0.15078125 0.08203125 0.0484375
0 0.43671875 0.42109375 0.1609375 0.0765625
0 0.2140625 0.3625 0.065625 0.05
0 0.134375 0.47578125 0.215625 0.06484375
0 0.2171875 0.26953125 0.0390625 0.0328125
0 0.221875 0.30703125 0.05390625 0.03515625
0 0.24921875 0.22421875 0.0515625 0.053125
0 0.47109375 0.15859375 0.05625 0.0421875
0 0.29609375 0.51015625 0.0875 0.07265625
0 0.0765625 0.37734375 0.06875 0.0625
0 0.328125 0.2515625 0.01875 0.02734375
0 0.7546875 0.3859375 0.146875 0.125
0 0.478125 0.871875 0.078125 0.053125
0 0.33046875 0.8578125 0.2046875 0.1703125
0 0.22109375 0.9578125 0.2671875 0.08125
0 0.0453125 0.91875 0.090625 0.159375
0 0.57578125 0.81875 0.0875 0.1515625
0 0.69296875 0.80078125 0.1375 0.246875
0 0.80546875 0.77734375 0.08125 0.3328125
0 0.9234375 0.75703125 0.15 0.2671875
0 0.8640625 0.96796875 0.05703125 0.0453125
0 0.87109375 0.9203125 0.0453125 0.03359375
0 0.709375 0.95 0.0421875 0.02578125
0 0.534375 0.71171875 0.03125 0.0328125