0 0.13125 0.5125 0.05078125 0.01875
0 0.075 0.5203125 0.05703125 0.05078125
0 0.0234375 0.5265625 0.046875 0.05625
0 0.1828125 0.60234375 0.0828125 0.10078125
0 0.11171875 0.63125 0.0703125 0.06875
0 0.37734375 0.5234375 0.0359375 0.1125
0 0.41640625 0.61171875 0.1109375 0.16875
0 0.61328125 0.3734375 0.06484375 0.0734375
0 0.56796875 0.51796875 0.1796875 0.153125
0 0.69296875 0.72265625 0.6109375 0.1703125
0 0.73984375 0.59765625 0.5171875 0.0765625
0 0.95625 0.52421875 0.084375 0.0671875
0 0.70703125 0.51953125 0.08828125 0.0609375
0 0.5765625 0.884375 0.06328125 0.1109375
0 0.63125 0.94296875 0.1125 0.1109375
0 0.7828125 0.8828125 0.18125 0.146875
0 0.846875 0.95859375 0.303125 0.0765625
0 0.92109375 0.88046875 0.08828125 0.0609375