0 0.18515625 0.37265625 0.3703125 0.0296875
0 0.20390625 0.178125 0.4078125 0.2875
0 0.2671875 0.34140625 0.28125 0.0390625
0 0.43515625 0.08984375 0.0515625 0.0890625
0 0.78515625 0.1671875 0.2296875 0.08984375
0 0.8359375 0.16796875 0.325 0.3359375
0 0.34921875 0.78046875 0.1171875 0.0984375
0 0.2421875 0.83671875 0.159375 0.0953125
0 0.08046875 0.8859375 0.1609375 0.1375
0 0.95703125 0.6515625 0.0828125 0.08125
0 0.8984375 0.69296875 0.2 0.0984375
0 0.75 0.74921875 0.159375 0.0953125
0 0.56328125 0.7984375 0.21015625 0.13515625
0 0.44453125 0.8703125 0.0703125 0.071875