0 0.19921875 0.278125 0.1359375 0.125
0 0.3484375 0.28984375 0.059375 0.1953125
0 0.14921875 0.39375 0.03125 0.03515625
0 0.21328125 0.3953125 0.0296875 0.028125
0 0.30234375 0.31875 0.0234375 0.03125
0 0.24921875 0.375 0.0265625 0.0140625
0 0.6890625 0.353125 0.61875 0.16875
0 0.33359375 0.53828125 0.0890625 0.1421875
0 0.103125 0.83984375 0.20625 0.3171875
0 0.1015625 0.553125 0.1234375 0.0984375
0 0.25078125 0.53359375 0.0859375 0.0953125
0 0.2171875 0.68359375 0.13125 0.1703125
0 0.16953125 0.665625 0.3390625 0.365625
0 0.6796875 0.85078125 0.1859375 0.1109375
0 0.82890625 0.8 0.103125 0.0875
0 0.8328125 0.58359375 0.0734375 0.06875
0 0.9875 0.63359375 0.021875 0.0765625
0 0.4109375 0.93828125 0.0625 0.0421875