0 0.46640625 0.0921875 0.0234375 0.0875
0 0.2546875 0.0828125 0.09765625 0.084375
0 0.2234375 0.2515625 0.4 0.29375
0 0.434375 0.34609375 0.0828125 0.115625
0 0.13671875 0.27578125 0.2734375 0.2015625
0 0.240625 0.52734375 0.475 0.2609375
0 0.02890625 0.0109375 0.0578125 0.021875
0 0.82109375 0.2109375 0.3546875 0.18125
0 0.7390625 0.3375 0.51875 0.18125
0 0.95234375 0.43515625 0.0921875 0.0421875
0 0.64765625 0.54765625 0.053125 0.0265625
0 0.60546875 0.4984375 0.0796875 0.02890625
0 0.80234375 0.69453125 0.13671875 0.0296875
0 0.84609375 0.95859375 0.3046875 0.0796875
0 0.7484375 0.875 0.0703125 0.046875
0 0.63203125 0.96953125 0.1234375 0.0578125