0 0.06015625 0.4515625 0.0515625 0.08984375
0 0.33828125 0.36328125 0.0859375 0.04921875
0 0.16796875 0.45078125 0.06484375 0.02109375
0 0.44921875 0.36953125 0.03125 0.034375
0 0.39453125 0.28515625 0.021875 0.03671875
0 0.209375 0.26328125 0.02421875 0.0328125
0 0.50546875 0.2890625 0.0234375 0.02890625
0 0.68125 0.2671875 0.125 0.2
0 0.09609375 0.59765625 0.0828125 0.1171875
0 0.275 0.5703125 0.271875 0.0625
0 0.1546875 0.67890625 0.05703125 0.0453125
0 0.16171875 0.63125 0.0453125 0.03359375
0 0.0109375 0.6609375 0.021875 0.028125
0 0.67265625 0.78671875 0.1078125 0.1859375
0 0.92265625 0.953125 0.1515625 0.090625
0 0.81796875 0.73125 0.18046875 0.30234375
0 0.9546875 0.71640625 0.0875 0.2984375
0 0.80546875 0.9609375 0.0953125 0.075