0 0.05390625 0.36953125 0.0796875 0.23984375
0 0.296875 0.5671875 0.228125 0.08125
0 0.1578125 0.43671875 0.184375 0.2453125
0 0.39453125 0.15703125 0.0796875 0.1703125
0 0.3140625 0.2109375 0.05390625 0.1359375
0 0.24296875 0.21328125 0.08046875 0.23515625
0 0.15234375 0.284375 0.075 0.18125
0 0.38515625 0.2578125 0.03671875 0.0390625
0 0.43046875 0.240625 0.0140625 0.1125
0 0.33046875 0.38671875 0.1328125 0.234375
0 0.88046875 0.509375 0.13359375 0.0953125
0 0.6265625 0.41796875 0.375 0.2859375
0 0.21875 0.7171875 0.4375 0.215625
0 0.9140625 0.97578125 0.16875 0.0453125
0 0.5203125 0.88203125 0.1625 0.1578125
0 0.76640625 0.78125 0.0890625 0.0375
0 0.8546875 0.78359375 0.06875 0.0328125
0 0.65703125 0.75859375 0.0890625 0.05
0 0.96328125 0.92734375 0.05234375 0.0421875