0 0.32890625 0.3953125 0.0609375 0.046875
0 0.30546875 0.45390625 0.05625 0.0546875
0 0.38828125 0.38828125 0.0546875 0.07109375
0 0.525 0.3828125 0.0734375 0.0734375
0 0.30625 0.35 0.040625 0.0328125
0 0.1078125 0.44921875 0.02265625 0.0203125
0 0.14453125 0.3015625 0.0234375 0.02578125
0 0.14609375 0.45 0.0234375 0.0234375
0 0.17578125 0.33984375 0.0390625 0.0265625
0 0.196875 0.471875 0.02734375 0.0140625
0 0.3640625 0.4359375 0.01875 0.01875
0 0.38359375 0.3375 0.021875 0.021875
0 0.9828125 0.31875 0.03125 0.05625
0 0.28046875 0.8078125 0.3625 0.325
0 0.4734375 0.64765625 0.13125 0.1703125
0 0.29765625 0.6859375 0.5953125 0.253125
0 0.81875 0.88984375 0.359375 0.2171875