0 0.31015625 0.06015625 0.1859375 0.1203125
0 0.33125 0.2109375 0.09765625 0.084375
0 0.25390625 0.38046875 0.3078125 0.2953125
0 0.1953125 0.40390625 0.30625 0.2
0 0.10390625 0.1296875 0.0578125 0.0375
0 0.7734375 0.228125 0.45 0.45625
0 0.33515625 0.74375 0.1453125 0.084375
0 0.23671875 0.715625 0.1109375 0.134375
0 0.09765625 0.68984375 0.1890625 0.046875
0 0.09453125 0.809375 0.1890625 0.1625
0 0.53984375 0.86875 0.18515625 0.134375
0 0.60078125 0.95703125 0.1578125 0.0828125
0 0.88984375 0.6421875 0.2171875 0.146875