0 0.2765625 0.1609375 0.05078125 0.01875
0 0.2203125 0.16875 0.05703125 0.05078125
0 0.165625 0.175 0.05234375 0.0546875
0 0.1078125 0.1734375 0.0515625 0.04375
0 0.05703125 0.1765625 0.0515625 0.0640625
0 0.328125 0.25078125 0.0828125 0.10078125
0 0.25703125 0.2796875 0.0703125 0.06875
0 0.11171875 0.29453125 0.2234375 0.1703125
0 0.74140625 0.43125 0.1453125 0.15625
0 0.60625 0.47734375 0.0875 0.1015625
0 0.015625 0.890625 0.03125 0.109375
0 0.0734375 0.9015625 0.05703125 0.021875
0 0.27578125 0.93125 0.4421875 0.0875
0 0.76875 0.88515625 0.459375 0.2265625