0 0.175 0.41875 0.06328125 0.1109375
0 0.2296875 0.49453125 0.1125 0.1453125
0 0.309375 0.41328125 0.0375 0.1546875
0 0.3734375 0.2375 0.0875 0.1078125
0 0.4609375 0.2484375 0.05703125 0.021875
0 0.62421875 0.45546875 0.5046875 0.2234375
0 0.94375 0.41015625 0.109375 0.3171875
0 0.66328125 0.278125 0.4421875 0.0875
0 0.01015625 0.82578125 0.0203125 0.0546875
0 0.090625 0.83203125 0.15 0.15546875
0 0.18984375 0.75078125 0.0421875 0.0484375
0 0.196875 0.94765625 0.2625 0.0796875
0 0.24609375 0.83671875 0.1640625 0.1328125
0 0.7203125 0.61875 0.146875 0.1
0 0.37265625 0.88515625 0.07578125 0.07578125
0 0.50390625 0.9125 0.084375 0.0890625
0 0.584375 0.64296875 0.08515625 0.1171875
0 0.46796875 0.75703125 0.09296875 0.1265625