0 0.503125 0.2125 0.128125 0.259375
0 0.49453125 0.415625 0.1453125 0.1375
0 0.134375 0.03984375 0.26875 0.0765625
0 0.215625 0.25 0.43125 0.334375
0 0.096875 0.459375 0.1375 0.075
0 0.86328125 0.15 0.2 0.11875
0 0.89609375 0.06484375 0.05234375 0.0421875
0 0.9796875 0.16875 0.0375 0.046875
0 0.15390625 0.88671875 0.3078125 0.2234375
0 0.13359375 0.634375 0.2671875 0.090625
0 0.3234375 0.74375 0.3828125 0.16328125
0 0.68359375 0.6546875 0.2296875 0.18125
0 0.78359375 0.78125 0.4296875 0.18125
0 0.725 0.878125 0.103125 0.040625
0 0.840625 0.88515625 0.0515625 0.021875
0 0.91796875 0.88515625 0.0671875 0.04765625