0 0.03203125 0.546875 0.0640625 0.28125
0 0.09453125 0.41484375 0.0796875 0.23984375
0 0.10546875 0.66953125 0.0703125 0.0359375
0 0.1734375 0.65390625 0.09375 0.0671875
0 0.3375 0.6296875 0.228125 0.115625
0 0.1984375 0.48203125 0.184375 0.2453125
0 0.43515625 0.20234375 0.0796875 0.1703125
0 0.3546875 0.25625 0.05390625 0.1359375
0 0.28359375 0.25859375 0.08046875 0.23515625
0 0.19296875 0.3296875 0.075 0.18125
0 0.42578125 0.303125 0.03671875 0.0390625
0 0.47734375 0.2859375 0.0265625 0.11015625
0 0.37109375 0.43203125 0.1328125 0.234375
0 0.5 0.5265625 0.115625 0.31875
0 0.85859375 0.4890625 0.2796875 0.13125
0 0.584375 0.428125 0.05 0.05625
0 0.49609375 0.8296875 0.1234375 0.08125
0 0.125 0.87421875 0.25 0.2484375
0 0.40546875 0.9125 0.3046875 0.171875
0 0.9703125 0.8828125 0.05625 0.2