0 0.14375 0.5453125 0.228125 0.125
0 0.04921875 0.39375 0.0984375 0.246875
0 0.24140625 0.11328125 0.0796875 0.1703125
0 0.553125 0.11015625 0.05 0.1671875
0 0.55703125 0.26953125 0.0421875 0.0578125
0 0.1609375 0.1671875 0.05390625 0.1359375
0 0.08984375 0.16953125 0.08046875 0.23515625
0 0.01875 0.24140625 0.0375 0.1828125
0 0.23203125 0.2140625 0.03671875 0.0390625
0 0.28359375 0.196875 0.0265625 0.11015625
0 0.17734375 0.34296875 0.1328125 0.234375
0 0.36484375 0.43671875 0.2328125 0.3171875
0 0.8375 0.515625 0.215625 0.146875
0 0.70703125 0.46484375 0.0703125 0.025
0 0.25859375 0.93359375 0.3890625 0.1296875
0 0.69921875 0.80625 0.2390625 0.13125