0 0.25625 0.321875 0.321875 0.053125
0 0.3296875 0.090625 0.175 0.171875
0 0.23515625 0.2 0.26640625 0.1
0 0.05234375 0.17109375 0.1046875 0.1984375
0 0.14921875 0.69140625 0.1359375 0.12578125
0 0.2421875 0.70859375 0.046875 0.09921875
0 0.11875 0.7953125 0.1171875 0.05
0 0.2328125 0.7859375 0.10703125 0.0640625
0 0.2078125 0.84375 0.09609375 0.078125
0 0.0125 0.7734375 0.025 0.103125
0 0.16875 0.93828125 0.3375 0.1203125
0 0.0703125 0.86015625 0.140625 0.0359375
0 0.8890625 0.83203125 0.21875 0.3328125