0 0.2 0.07890625 0.059375 0.1015625
0 0.01796875 0.0390625 0.0359375 0.059375
0 0.10390625 0.07734375 0.1265625 0.1546875
0 0.11796875 0.29375 0.028125 0.021875
0 0.1890625 0.15 0.0375 0.015625
0 0.1640625 0.81875 0.328125 0.359375
0 0.540625 0.71796875 0.1 0.11953125
0 0.7109375 0.71015625 0.1234375 0.0828125
0 0.8390625 0.70859375 0.065625 0.07265625
0 0.93515625 0.73828125 0.06328125 0.040625
0 0.965625 0.790625 0.065625 0.1
0 0.6375 0.95390625 0.04375 0.04765625
0 0.71015625 0.88984375 0.0953125 0.1140625
0 0.79453125 0.86328125 0.14921875 0.1859375